62
46
40
45
10
25
60
9
89
19
54
35
78
62
6
44
33
40
24
11
36
68
60
31
43
56
62
40
62
17
1
82
17
68
31
62
51
80
31
25
58
30
100
98
25
71
71
57
74
61
87
45
81
77
83
7
15
65
55
71
26
60
3
92
37
37
69
58
31
29
19
48
4
86
98
83
62
61
30
75
3
34
42
83
38
19
60
27
52
34
73
4
98
26
88
76
80
38
81
52
87
12
23
75
41
87
31
95
86
71
69
77
49
75
65
42
55
52
85
61
55
98
31
68
24
34
51
70
85
17
57
93
23
63
10
79
38
19
65
26
81
29
48
41
21
68
83
70
47
36
22
25
69
39
19
93
79
24
82
94
96
12
86
78
34
38
11
48
51
67
47
88
91
7
40
90
32
62
59
58
75
38
75
62
99
66
69
60
57
84
34
43
71
85
95
91
64
84
35
80
27
27
78
95
72
7
25
12
60
43
74
12
5
80
34
73
41
40
86
54
64
9
18
71
52
1
88
35
56
92
47
32
94
99
84
29
15
2
33
76
29
97
70
29
17
57
38
48
60
65
39
1
16
52
75
14
9
59
20
36
24
16
76
18
81
88
73
46
10
85
58
72
12
14
44
34
79
77
58
70
11
49
1
68
11
52
41
32
94
55
82
59
54
82
59
16
47
87
85
87
35
10
64
69
93
83
70
63
72
13
93
75
74
30
91
14
90
48
69
16
29
4
90
32
39
26
77
27
57
75
47
17
48
47
75
36
78
33
86
80
46
89
84
88
54
46
54
96
5
80
45
30
15
24
71
67
28
91
57
95
76
29
39
46
33
72
49
77
88
14
61
30
72
69
28
50
100
80
79
6
5
65
43
75
24
6
87
67
25
60
43
68
95
78
46
42
99
27
76
99
79
83
46
32
21
46
29
86
79
88
55
48
62
30
67
54
58
65
24
13
64
64
13
88
71
16
88
45
44
79
69
98
51
29
7
56
15
2
87
19
9
73
70
88
19
38
38
60
62
19
37
54
73
86
70
38
52
1
93
66
82
4
63
14
67
19
2
24
53
93
16
80
77
93
96
49
20
94
81
4
77
18
44
52
37
35
17
67
98
15
95
91
18
93
68
60
76
61
18
16
45
8
83
4
83
12
40
73
53
70
65
84
38
4
33
95
85
14
85
38
28
98
2
23
35
100
53
59
67
49
17
43
47
4
53
53
90
20
28
18
24
32
85
42
67
88
12
31
50
94
10
23
44
76
46
46
62
36
99
49
51
7
88
52
37
100
12
73
17
17
44
23
40
92
4
36
45
67
47
16
91
26
48
44
38
19
87
7
15
49
80
43
94
65
64
10
41
2
44
32
96
61
81
43
21
50
34
35
90
58
55
66
63
80
97
22
71
76
25
23
34
26
21
65
78
68
34
73
30
87
49
1
27
73
46
84
5
43
64
60
55
92
81
37
18
8
47
17
42
37
16
80
41
32
57
7
8
12
26
99
9
51
77
67
94
29
30
59
92
33
61
67
77
78
23
52
23
96
68
67
38
74
80
59
23
57
95
28
1
94
23
57
18
9
12
96
85
30
79
5
56
84
8
99
36
44
55
68
21
58
59
19
64
70
70
64
46
9
78
92
85
18
73
37
35
48
100
76
89
37
15
45
32
94
75
73
11
57
54
52
92
8
89
33
5
52
4
48
31
5
50
98
80
48
62
7
98
60
83
47
69
40
99
96
6
6
90
3
80
67
82
27
45
30
90
40
3
49
80
76
31
1
36
75
6
13
31
82
4
5
32
29
72
69
63
13
21
55
21
33
34
82
13
76
46
87
94
79
65
50
18
78
81
58
81
82
77
32
51
18
85
10
92
57
55
26
65
45
84
10
27
22
12
61
60
60
45
51
34
95
8
14
84
20
58
2
59
97
39
72
1
53
85
15
12
59
79
82
47
60
18
53
98
59
64
26
8
91
12
6
69
15
11
4
29
36
72
63
92
14
36
58
69
96
48
44
24
15
61
92
50
14
57
57
17
50
44
16
84
99
21
46
62
46
32
91
39
74
92
28
33
37
11
98
17
89
99
33
36
4
79
36
60
61
12
80
49
39
98
77
73
64
65
49
25
58
27
63
27
40
87
34
31
9
9
95
58
28
23
68
11
10
56
92
82
82
43
8
61
39
55
32
74
26
60
79
34
57
54
69
98
18
85
32
35
68
44
39
53
85
63
68
74
29
36
77
74
57
98
4
17
11
33
65
10
68
80
47
20
59
